10023
10026
1045
12013
13512
13513
13514
14069
14072
14512
14513
14514
14515
14518
14519
14520
14521
14522
14523
14524
14525
14526
14527
14528
14529
14530
14531
14532
14533
14534
15014
15015
15016
15017
15018
15019
18517
20064
20320
20322
20323
20335
20336
20337
20339
20340
20342
20351
20354
20368
20369
20370
20371
20373
20374
20377
20378
20379
20380
20384
20394
20395
20400
20401
20406
20409
20412
20424
20427
20430
20432
20433
20434
20440
20442
20446
20447
20449
20450
20451
20452
20453
20454
20456
20457
20464
20474
20477
20480
20481
20486
20489
20490
20496
20497
20499
20504
20509
20512
20514
20517
20519
20523
20524
20529
20531
20532
20533
20535
20543
20551
20557
20560
20561
20575
20577
20579
20584
20585
20594
20595
20596
20598
20599
20607
20608
20610
20611
20619
20626
20635
20637
20638
20646
20647
20648
20649
20656
20657
20658
20661
20662
20670
20674
20675
20690
20691
20692
20695
20699
20706
20707
20709
20715
20732
20734
20747
20749
20753
20756
20775
20789
20795
20796
20807
20811
20812
20813
20814
20815
20819
20822
20823
20832
20833
20837
21085
21088
21091
21364
21585
21885
21894
21896
22591
22592
22925
22926
23091
23098
23100
23102
23104
23106
23108
23109
23110
23111
23124
23125
23128
23129
23135
23136
23138
23139
23141
23143
23145
23146
23150
23151
23154
23155
23156
23157
23158
23159
23160
23161
23162
23166
23167
23170
23171
23172
23173
23174
23175
23180
23181
23182
23190
23191
23192
23193
23194
23196
23197
23198
23201
23202
23203
23204
23205
23213
23215
23217
23218
23219
23227
23231
23232
23239
23241
23242
23243
23244
23245
23246
23247
23248
23250
23251
23252
23256
23263
23268
23271
23272
23273
23275
23276
23277
23278
23279
23282
23283
23286
23287
23288
23289
23290
23292
23296
23297
23298
23301
23302
23307
23308
23310
23312
23314
23326
23327
23328
23332
23333
23335
23336
23337
23338
23339
23340
23341
23343
23345
23350
23351
23353
23354
23360
23362
23364
23366
23367
23368
23377
23378
23379
23380
23381
23382
23386
23388
23389
23390
23393
23394
23407
23409
23410
23411
23412
23413
23416
23417
23418
23419
23420
23421
23422
23426
23430
23433
23435
23436
23437
23438
23439
23440
23442
23444
23451
23452
23457
23458
23459
23472
23474
23492
23493
23495
23496
23497
23498
23499
23500
23512
23513
23514
23515
23517
23518
23519
23520
23521
23525
23526
23527
23529
23531
23533
23534
23535
23536
23537
23538
23539
23540
23541
23544
23545
23546
23548
23549
23550
23551
23565
23566
23567
23568
23581
23582
23583
23584
23585
23587
23590
23591
23594
23595
23596
23597
23602
23610
23611
23618
23619
23620
23626
23631
23640
23967
23968
23969
23970
23971
23972
23973
23974
23975
23976
24147
24148
24149
24150
24151
24152
24153
24154
24155
24156
24157
24158
24159
24160
24161
24162
24163
24164
24165
24166
24167
24168
24169
24170
24171
24172
24173
24174
24175
24176
24177
24178
24179
24180
24181
24182
24183
24184
24185
24186
24187
24188
24189
24190
24191
24192
24193
24194
24195
24196
24197
24198
24199
24200
24201
24202
24203
24204
24205
24206
24207
24208
24209
24210
24211
24212
24213
24214
24215
24216
24217
24218
24219
24220
24221
24222
24223
24224
24225
24226
24227
24228
24229
24230
24231
24232
24233
24234
24235
24236
24237
24238
24239
24240
24241
24242
24243
24244
24245
24246
24247
24248
24249
24250
24251
24252
24253
24254
24255
24256
24257
24258
24259
24260
24261
24262
24263
24264
24265
24266
24267
24268
24269
24270
24271
24272
24273
24274
24275
24276
24277
24278
24279
24280
24281
24282
24283
24284
24285
24286
24287
24288
24289
24290
24291
24292
24293
24294
24295
24296
24297
24298
24299
24300
24301
24302
24303
24304
24305
24306
24307
24308
24309
24310
24311
24312
24313
24314
24315
24316
24317
24318
24319
24320
24321
24322
24323
24324
24325
24326
24327
24328
24329
24330
24331
24332
24333
24334
24335
24336
24337
24338
24339
24340
24341
24342
24343
24344
24345
24346
24347
24348
24349
24350
24351
24352
24353
24354
24355
24356
24357
24358
24359
24360
24361
24362
24363
24364
24365
24366
24367
24368
24369
24370
24371
24372
24373
24374
24375
24376
24377
24378
24379
24380
24381
24382
24383
24384
24385
24386
24387
24388
24389
24390
24391
24392
24393
24394
24395
24396
24397
24398
24399
24400
24401
24402
24403
24404
24405
24406
24407
24408
24409
24410
24411
24412
24413
24414
24415
24416
24417
24418
24419
24420
24421
24422
24423
24424
24425
24426
24427
24428
24429
24430
24431
24432
24433
24434
24435
24436
24437
24438
24439
24440
24441
24442
24443
24444
24445
24446
24447
24448
24449
24450
24451
24452
24453
24454
24455
24456
24457
24458
24459
24460
24461
24462
24463
24464
24465
24466
24467
24468
24469
24470
24471
24472
24473
24474
24475
24476
24477
24478
24479
24480
24481
24482
24483
24484
24485
24486
24487
24488
24489
24490
24491
24492
24493
24494
24495
24496
24497
24498
24499
24500
24501
24502
24503
24504
24505
24506
24507
24508
24509
24510
24511
24512
24513
24514
24515
24516
24517
24518
24519
24520
24521
24522
24523
24524
24525
24526
24527
24528
24529
24530
24531
24532
24533
24534
24535
24536
24537
24538
24539
24540
24541
24542
24543
24544
24545
24546
24547
24548
24549
24550
24551
24552
24553
24554
24555
24556
24557
24558
24559
24560
24561
24562
24563
24564
24565
24566
24567
24568
24569
24570
24571
24572
24573
24574
24575
24576
24577
24578
24579
24580
24581
24582
24583
24584
24585
24586
24587
24588
24589
24590
24591
24592
24593
24594
24595
24596
24597
24598
24599
24600
24601
24602
24603
24604
24605
24606
24607
24608
24609
24610
24611
24612
24613
24614
24615
24616
24617
24618
24619
24620
24621
24622
24623
24624
24625
24626
24627
24628
24629
24630
24631
24632
24633
24634
24635
24636
24637
24638
24639
24640
24641
24642
24643
24644
24645
24646
24647
24648
24649
24650
24651
24652
24653
24654
24655
24656
24657
24658
24659
24660
24661
24662
24663
24664
24665
24666
24667
24668
24669
24670
24671
24672
24673
24674
24675
24676
24677
24678
24679
24680
24681
24682
24683
24684
24685
24686
24687
24688
24689
24690
24691
24692
24693
24694
24695
24696
24697
24698
24699
24700
24701
24702
24703
24704
24705
24706
24707
24708
24709
24710
24711
24712
24713
24714
24715
24716
24717
24718
24719
24720
24721
24722
24723
24724
24725
24726
24727
24728
24729
24730
24731
24732
24733
24734
24735
24736
24737
24738
24739
24740
24741
24742
24743
24744
24745
24746
24747
24748
24749
24750
24751
24752
24753
24754
24755
24756
24757
24758
24759
24760
24761
24762
24763
24764
24765
24766
24767
24768
24769
24770
24771
24772
24773
24774
24775
24776
24777
24778
24779
24780
24781
24782
24783
24784
24785
24786
24787
24788
24789
24790
24791
24792
24793
24794
24795
24796
24797
24798
24799
24800
24801
24802
24803
24804
24805
24806
24807
24808
24809
24810
24811
24812
24813
24814
24815
24816
24817
24818
24819
24820
24821
24822
24823
24824
24825
24826
24827
24828
24829
24830
24831
24832
24833
24834
24835
24836
24837
24838
24839
24840
24841
24842
24843
24844
24845
24846
24847
24848
24849
24850
24851
24852
24853
24854
24855
24856
24857
24858
24859
24860
24861
24862
24863
24864
24865
24866
24867
24868
24869
24870
24871
24872
24873
24874
24875
24876
24877
24878
24879
24880
24881
24882
24883
24884
24885
24886
24887
24888
24889
24890
24891
24892
24893
24894
24895
24896
24897
24898
24899
24900
24901
24902
24903
24904
24905
24906
24907
24908
24909
24910
24911
24912
24913
24914
24915
24916
24917
24918
24919
2492
24920
24921
24922
24923
24924
24925
24926
24927
24928
24929
24930
24931
24932
24933
24934
24935
24936
24937
24938
24939
24940
24941
24942
24943
24944
24945
24946
24947
24948
24949
24950
24951
24952
24953
24954
24955
24956
24957
24958
24959
24960
24961
24962
24963
24964
24965
24966
24967
24968
24969
24970
24971
24972
24973
24974
24975
24976
24977
24978
24979
24980
24981
24982
24983
24984
24985
24986
24987
24988
24989
24990
24991
24992
24993
24994
24995
24996
24997
24998
24999
2608
2995
2997
4169
4170
4690
4691
499
5
5211
5981
5982
5983
5984
5985
5986
5987
6257
6258
6263
6266
6998
6999
7816
8337
8496
9405
9407
1
10021
10022
10024
10025
10027
10028
10029
10030
10031
10032
10421
10422
1043
1044
10519
10942
10943
11017
11463
11464
11515
11984
11985
12505
12506
12507
12508
12513
13009
13026
13027
13028
13029
13030
13031
13032
13515
13547
13548
13549
14011
14012
14013
14068
14070
14071
14516
14517
1496
1497
1498
15008
15009
15010
15011
15012
15013
15020
15021
15022
15023
15024
15025
15026
15027
15110
15111
15112
15113
15114
15509
15510
15631
15632
1564
1565
16007
16008
16152
16153
16505
16506
16673
16674
16675
16676
16677
16678
16679
16680
17009
17010
17194
17195
17196
17197
17509
17510
17715
17716
17717
17718
17719
17720
17721
17722
17723
17724
18015
18016
18017
18018
18019
18020
18021
18022
18023
18024
18511
18512
18513
18514
18515
18516
18518
18519
18520
18521
18757
18758
18759
18760
18761
18762
18763
18764
19015
19016
19017
19278
19279
19280
19281
19282
19283
19284
19285
19286
19287
19288
19289
19290
19291
19292
19293
19294
19295
19296
19297
19298
19299
19300
19301
19302
19303
19304
19305
19306
19307
19308
19309
19310
19311
19312
19313
19314
19315
19316
19317
19318
19319
19320
19321
19322
19323
19324
19325
19326
19327
19561
19562
19563
19564
19565
19566
19567
19799
19800
19801
19802
19803
19804
19805
1994
1995
1996
1997
2
20321
20324
20325
20326
20327
20328
20329
20330
20331
20332
20333
20334
20338
20341
20343
20344
20345
20346
20347
20348
20349
20350
20352
20353
20355
20356
20357
20358
20359
20360
20361
20362
20363
20364
20365
20366
20367
20372
20375
20376
20381
20382
20383
20385
20386
20387
20388
20389
20390
20391
20392
20393
20396
20397
20398
20399
20402
20403
20404
20405
20407
20408
20410
20411
20413
20414
20415
20416
20417
20418
20419
20420
20421
20422
20423
20425
20426
20428
20429
20431
20435
20436
20437
20438
20439
20441
20443
20444
20445
20448
20455
20458
20459
20460
20461
20462
20463
20465
20466
20467
20468
20469
20470
20471
20472
20473
20475
20476
20478
20479
20482
20483
20484
20485
20487
20488
20491
20492
20493
20494
20495
20498
20500
20501
20502
20503
20505
20506
20507
20508
20510
20511
20513
20515
20516
20518
20520
20521
20522
20525
20526
20527
20528
20530
20534
20536
20537
20538
20539
20540
20541
20542
20544
20545
20546
20547
20548
20549
20550
20552
20553
20554
20555
20556
20558
20559
20562
20563
20564
20565
20566
20567
20568
20569
20570
20571
20572
20573
20574
20576
20578
20580
20581
20582
20583
20586
20587
20588
20589
20590
20591
20592
20593
20597
20600
20601
20602
20603
20604
20605
20606
20609
20612
20613
20614
20615
20616
20617
20618
20620
20621
20622
20623
20624
20625
20627
20628
20629
20630
20631
20632
20633
20634
20636
20639
20640
20641
20642
20643
20644
20645
20650
20651
20652
20653
20654
20655
20659
20660
20663
20664
20665
20666
20667
20668
20669
20671
20672
20673
20676
20677
20678
20679
20680
20681
20682
20683
20684
20685
20686
20687
20688
20689
20693
20694
20696
20697
20698
20700
20701
20702
20703
20704
20705
20708
20710
20711
20712
20713
20714
20716
20717
20718
20719
20720
20721
20722
20723
20724
20725
20726
20727
20728
20729
20730
20731
20733
20735
20736
20737
20738
20739
20740
20741
20742
20743
20744
20745
20746
20748
20750
20751
20752
20754
20755
20757
20758
20759
20760
20761
20762
20763
20764
20765
20766
20767
20768
20769
20770
20771
20772
20773
20774
20776
20777
20778
20779
20780
20781
20782
20783
20784
20785
20786
20787
20788
20790
20791
20792
20793
20794
20797
20798
20799
20800
20801
20802
20803
20804
20805
20806
20808
20809
20810
20816
20817
20818
20820
20821
20824
20825
20826
20827
20828
20829
20830
20831
20834
20835
20836
20838
20839
20840
20841
20842
20843
2085
2086
21084
21086
21087
21089
21090
21092
21093
21094
21362
21363
21583
21584
21586
21587
21588
21589
21590
21591
21883
21884
21886
21887
21888
21889
21890
21891
21892
21893
21895
22093
22094
22095
22096
22404
22405
23089
23090
23092
23093
23094
23095
23096
23097
23099
23101
23103
23105
23107
23112
23113
23114
23115
23116
23117
23118
23119
23120
23121
23122
23123
23126
23127
23130
23131
23132
23133
23134
23137
23140
23142
23144
23147
23148
23149
23152
23153
23163
23164
23165
23168
23169
23176
23177
23178
23179
23183
23184
23185
23186
23187
23188
23189
23195
23199
23200
23206
23207
23208
23209
23210
23211
23212
23214
23216
23220
23221
23222
23223
23224
23225
23226
23228
23229
23230
23233
23234
23235
23236
23237
23238
23240
23249
23253
23254
23255
23257
23258
23259
23260
23261
23262
23264
23265
23266
23267
23269
23270
23274
23280
23281
23284
23285
23291
23293
23294
23295
23299
23300
23303
23304
23305
23306
23309
23311
23313
23315
23316
23317
23318
23319
23320
23321
23322
23323
23324
23325
23329
23330
23331
23334
23342
23344
23346
23347
23348
23349
23352
23355
23356
23357
23358
23359
23361
23363
23365
23369
23370
23371
23372
23373
23374
23375
23376
23383
23384
23385
23387
23391
23392
23395
23396
23397
23398
23399
23400
23401
23402
23403
23404
23405
23406
23408
23414
23415
23423
23424
23425
23427
23428
23429
23431
23432
23434
23441
23443
23445
23446
23447
23448
23449
23450
23453
23454
23455
23456
23460
23461
23462
23463
23464
23465
23466
23467
23468
23469
23470
23471
23473
23475
23476
23477
23478
23479
23480
23481
23482
23483
23484
23485
23486
23487
23488
23489
23490
23491
23494
23501
23502
23503
23504
23505
23506
23507
23508
23509
23510
23511
23516
23522
23523
23524
23528
23530
23532
23542
23543
23547
23552
23553
23554
23555
23556
23557
23558
23559
23560
23561
23562
23563
23564
23569
23570
23571
23572
23573
23574
23575
23576
23577
23578
23579
23580
23586
23588
23589
23592
23593
23598
23599
23600
23601
23603
23604
23605
23606
23607
23608
23609
23612
23613
23614
23615
23616
23617
23621
23622
23623
23624
23625
23627
23628
23629
23630
23632
23633
23634
23635
23636
23637
23638
23639
23641
23642
23643
23644
23645
2493
2606
2607
2991
2992
2993
2994
2996
2998
2999
3
3000
3127
3128
3489
3490
3491
3648
3649
3987
3988
3989
4
4485
4486
4487
4983
4984
4985
500
501
502
5212
522
523
5481
5482
5483
5732
5733
5979
5980
6
6253
6254
6255
6256
6259
6260
6261
6262
6264
6265
6267
6490
6491
6774
6775
6776
6777
6778
6779
6780
6781
6782
6783
6784
6785
7295
7296
7496
7497
7498
7499
7500
7501
7502
7503
7504
7505
7506
7507
7817
7994
7995
8338
8492
8493
8494
8495
8497
8498
8499
8500
8501
8502
8503
8504
8505
8506
8507
8858
8859
8990
9379
9380
9381
9382
9383
9384
9385
9386
9387
9388
9389
9390
9391
9392
9393
9394
9395
9396
9397
9398
9399
9400
9401
9402
9403
9404
9406
9408
9409
9410
9411
9412
9413
9414
9415
9523
9524
9525
9526
9900
9901
997
998
